1340294, 1340295, 1340296, 1340297, 1340298, 1342977, 1344490, 1344890, 1346860, 1346861,
1346862, 1346865, 1346866, 1346867, 1346870, 1346871, 1346872, 1346875, 1346876, 1346877,
1346881, 1346882, 1346883, 1346884, 1346885, 1346888, 1346892, 1346893, 1346895, 1346897,
1347400, 1347401, 1347402, 1347403, 1347405, 1347406, 1347407, 1347410, 1347411, 1347412,
1347413, 1347415, 1347416, 1347417, 1347429, 1347435, 1347436, 1347437, 1347446, 1347447,
1347450, 1347451, 1347452, 1347453, 1347464, 1347465, 1347466, 1347467, 1347468, 1348446,
1348447, 1348451, 1348452, 1348453, 1348454, 1348455, 1348458, 1348459, 1348460, 1348461,
1348462, 1348463, 1348466, 1348467, 1348480, 1348481, 1348490, 1348491, 1348492, 1348493,
1348495, 1348810, 1348811, 1348812, 1348813, 1348814, 1348815, 1348818, 1348819, 1348821,
1348822, 1348823, 1348826, 1348827, 1348831, 1348832, 1348833, 1348835, 1348846, 1348847,
1350918, 1351910, 1351911, 1351912, 1351913, 1351914, 1351915, 1351916, 1351917, 1351918,
1351919, 1357149, 1357180, 1357181, 1357182, 1357183, 1357184, 1357185, 1357186, 1357187,
1357188, 1357189, 1357190, 1357191, 1357192, 1357193, 1357194, 1357195, 1357196, 1357197,
1357198, 1357199, 1357200, 1357201, 1357202, 1357203, 1357204, 1357205, 1357206, 1357207,
1357208, 1357209, 1357210, 1357211, 1357212, 1357213, 1357214, 1357215, 1357216, 1357217,
1357218, 1357219, 1357220, 1357221, 1357222, 1357223, 1357224, 1357225, 1357226, 1357227,
1357228, 1357229, 1357240, 1357241, 1357242, 1357243, 1357244, 1357245, 1357246, 1357247,
1357248, 1357249, 1357250, 1357251, 1357252, 1357253, 1357254, 1357255, 1357256, 1357257,
1357258, 1357259, 1357280, 1357281, 1357282, 1357283, 1357284, 1357285, 1357286, 1357287,
1357288, 1357289, 1357290, 1357291, 1357292, 1357293, 1357294, 1357295, 1357296, 1357297,
1357298, 1357299, 1360911, 1360912, 1360915, 1360916, 1360918, 1360919, 1360920, 1360924,
1360925, 1360926, 1360928, 1360929, 1361920, 1361921, 1361922, 1361924, 1361925, 1361926,
1361928, 1361929, 1362920, 1362924, 1362926, 1362927, 1362928, 1362929, 1363021, 1363022,
1363023, 1363025, 1363028, 1363670, 1363671, 1363680, 1363681, 1364920, 1364921, 1364923,
1364924, 1364925, 1364926, 1364927, 1364928, 1364929, 1365911, 1365914, 1365918, 1365919,
1365920, 1365921, 1365923, 1365924, 1365925, 1365926, 1365928, 1365929, 1366913, 1366918,
1366919, 1366920, 1366922, 1366923, 1366924, 1366925, 1366926, 1366927, 1366928, 1366929,
1367910, 1367911, 1367912, 1367913, 1367916, 1367917, 1367918, 1367920, 1367921, 1367922,
1367924, 1367925, 1367926, 1367927, 1367928, 1367929, 1368919, 1368920, 1368924, 1368925,
1368926, 1368928, 1368929, 1370022, 1370023, 1370024, 1370027, 1370028, 1370029, 1370911,
1370912, 1370914, 1370918, 1370919, 1370920, 1370921, 1370922, 1370924, 1370925, 1370926,
1370928, 1370929, 1372040, 1372041, 1372042, 1372043, 1372045, 1372049, 1372051, 1372052,
1372053, 1372054, 1372055, 1372058, 1372060, 1372061, 1372062, 1372063, 1372065, 1372072,
1372073, 1372075, 1372076, 1372077, 1375987, 1375988, 1375989, 1375990, 1375991, 1375992,
1375993, 1375994, 1375995, 1375996, 1375997, 1375998, 1375999, 1377200, 1377201, 1377202,
1377203, 1377204, 1377205, 1377206, 1377207, 1377208, 1377209, 1377210, 1377211, 1377212,
1377213, 1377214, 1377215, 1377216, 1377217, 1377218, 1377219, 1377240, 1377241, 1377242,
1377243, 1377244, 1377245, 1377246, 1377247, 1377248, 1377249, 1377250, 1377251, 1377252,
1377253, 1377254, 1380029, 1380915, 1380918, 1380919, 1389143, 1389180, 1389181, 1389182,
1389183, 1389184, 1389185, 1389186, 1389187, 1389188, 1389189, 1389190, 1389191, 1389192,
1389193, 1389194, 1389195, 1389196, 1389197, 1389198, 1389199, 1389280, 1389281, 1389282,
1389283, 1389284, 1389285, 1389286, 1389287, 1389288, 1389289, 1390029, 1390092, 1390918,
1390920, 1390921, 1390922, 1390923, 1390924, 1390925, 1390926, 1390927, 1390928, 1390929,
1399110, 1399111, 1399112, 1399113, 1399114, 1399115, 1399116, 1399117, 1399118, 1399119,
1399120, 1399121, 1399122, 1399123, 1399124, 1399125, 1399126, 1399127, 1399128, 1399129,
1399130, 1399131, 1399132, 1399133, 1399134, 1399135, 1399136, 1399137, 1399138, 1399139,
1399180, 1399181, 1399182, 1399183, 1399184, 1399185, 1399186, 1399187, 1399188, 1399189,
1399190, 1399191, 1399192, 1399193, 1399194, 1399195, 1399196, 1399197, 1399198, 1399199,
1399280, 1399281, 1399282, 1399283, 1399284, 1399285, 1399286, 1399287, 1399288, 1399289,
1500290, 1500291, 1500292, 1500293, 1500294, 1500295, 1500296, 1500297, 1500298, 1500299,
1500920, 1500924, 1500925, 1500926, 1500928, 1500929, 1502900, 1502901, 1502902, 1502903,
1502904, 1502905, 1502906, 1502907, 1502908, 1502909, 1502914, 1502918, 1502920, 1502921,
1502922, 1502923, 1502924, 1502925, 1502926, 1502927, 1502928, 1502929, 1502935, 1502948,
1502955, 1502957, 1502961, 1502967, 1502975, 1502980, 1502988, 1502990, 1502991, 1502992,
1502993, 1502994, 1502995, 1502996, 1502997, 1502998, 1502999, 1509105, 1509109, 1509115,
1509118, 1509119, 1509128, 1509132, 1509133, 1509137, 1509144, 1509148, 1509152, 1509153,
1509154, 1509158, 1509159, 1509162, 1509163, 1509167, 1509175, 1509176, 1509177, 1509183,
1509185, 1509186, 1509189, 1509400, 1509401, 1509402, 1509403, 1509404, 1509405, 1509406,
1509407, 1509408, 1509409, 1510290, 1510291, 1510292, 1510293, 1510294, 1510295, 1510296,
1510297, 1510298, 1510299, 1510911, 1510920, 1510921, 1510922, 1510923, 1510924, 1510925,
1510926, 1510927, 1510928, 1510929, 1511480, 1511481, 1511482, 1511483, 1511484, 1511485,
1511486, 1511487, 1511488, 1511489, 1511498, 1512900, 1512901, 1512902, 1512903, 1512904,
1512905, 1512906, 1512907, 1512908, 1512909, 1512918, 1512920, 1512921, 1512922, 1512923,
1512924, 1512925, 1512926, 1512927, 1512928, 1512929, 1512931, 1512936, 1512939, 1512944,
1512948, 1512956, 1512965, 1512982, 1512988, 1512993, 1519141, 1519142, 1519143, 1519144,
1519145, 1519146, 1519147, 1519148, 1519157, 1519158, 1519168, 1519181, 1519184, 1519185,
1519186, 1519188, 1519189, 1519190, 1519191, 1520240, 1520241, 1520242, 1520243, 1520244,
1520245, 1520246, 1520247, 1520248, 1520249, 1520290, 1520291, 1520292, 1520293, 1520294,
1520295, 1520296, 1520297, 1520298, 1520299, 1520918, 1520920, 1520921, 1520922, 1520923,
1520924, 1520925, 1520926, 1520927, 1520928, 1520929, 1522900, 1522901, 1522902, 1522903,
1522904, 1522905, 1522906, 1522907, 1522908, 1522909, 1522920, 1522921, 1522922, 1522923,
1522924, 1522925, 1522926, 1522927, 1522928, 1522929, 1522930, 1522931, 1522932, 1522933,
1522934, 1522935, 1522936, 1522937, 1522938, 1522939, 1522988, 1522989, 1524904, 1524906,
1524908, 1524909, 1524918, 1524919, 1524920, 1524921, 1524922, 1524923, 1524924, 1524925,
1524926, 1524927, 1524928, 1524929, 1528928, 1528934, 1528935, 1528936, 1528937, 1528938,
1528945, 1528947, 1528948, 1529118, 1529119, 1529141, 1529145, 1529148, 1529149, 1529157,
1529159, 1529168, 1529169, 1529181, 1529183, 1529184, 1529185, 1529186, 1529187, 1529191,
1529196, 1529198, 1529199, 1570290, 1570291, 1570292, 1570293, 1570294, 1570295, 1570296,
1570297, 1570298, 1570299, 1570918, 1571044, 1571048, 1571049, 1571918, 1571921, 1571928,
1571929, 1572191, 1572194, 1572195, 1572196, 1572197, 1572198, 1576918, 1577170, 1577171,
1577172, 1577173, 1577174, 1577175, 1577176, 1577177, 1577178, 1577179, 1577190, 1577191,
1577192, 1577193, 1577194, 1577195, 1577196, 1577197, 1577198, 1577199, 1578000, 1578082,
1578083, 1578788, 1579308, 1579309, 1579315, 1579316, 1579357, 1579358, 1579359, 1579508,
1580290, 1580291, 1580292, 1580293, 1580294, 1580295, 1580296, 1580297, 1580298, 1580299,
1580918, 1580920, 1580921, 1580922, 1580923, 1580924, 1580925, 1580926, 1580927, 1580928,
1580929, 1582900, 1582901, 1582902, 1582903, 1582904, 1582905, 1582906, 1582907, 1582908,
1582909, 1582910, 1582920, 1582921, 1582922, 1582923, 1582924, 1582925, 1582926, 1582927,
1582928, 1582929, 1582930, 1582931, 1582932, 1582933, 1582934, 1582935, 1582936, 1582937,
1582938, 1582939, 1582946, 1582947, 1582953, 1582954, 1582955, 1582958, 1582960, 1582961,
1582962, 1582963, 1582964, 1582965, 1582966, 1582967, 1582968, 1582969, 1582970, 1582971,
1582972, 1582973, 1582974, 1582975, 1582976, 1582977, 1582978, 1582979, 1582984, 1582988,
1582990, 1582991, 1582992, 1582993, 1587732, 1587734, 1587738, 1587739, 1587744, 1587748,
1587755, 1587765, 1589130, 1589139, 1589142, 1589144, 1589148, 1589149, 1589170, 1589171,
1589172, 1589173, 1589174, 1589175, 1589176, 1589177, 1589178, 1589179, 1590290, 1590291,
1590292, 1590293, 1590294, 1590295, 1590296, 1590297, 1590298, 1590299, 1590920, 1590929,
1592930, 1592931, 1592932, 1592944, 1592948, 1592955, 1592956, 1592972, 1592973, 1592977,
1592980, 1592989, 1592990, 1592991, 1592992, 1592993, 1592994, 1592995, 1592996, 1592997,
1592998, 1592999, 1593480, 1593481, 1593482, 1593483, 1593484, 1593485, 1593486, 1593487,
1593488, 1593489, 1599116, 1599126, 1599127, 1599134, 1599138, 1599143, 1599145, 1599160,
1599161, 1599162, 1599163, 1599164, 1599165, 1599166, 1599167, 1599168, 1599169, 1599170,
1599171, 1599172, 1599173, 1599174, 1599175, 1599176, 1599177, 1599178, 1599179, 1599180,
1599185, 1599189, 1599194, 1599198, 1780290, 1780292, 1780293, 1780688, 1780689, 1780918,
1780920, 1780924, 1780928, 1780929, 1782900, 1782901, 1782902, 1782904, 1782908, 1782909,
1782918, 1782924, 1782929, 1782938, 1782939, 1782948, 1782949, 1782954, 1782958, 1782959,
1782961, 1782968, 1782969, 1782971, 1782974, 1782975, 1782979, 1782981, 1782982, 1782984,
1782985, 1782998, 1782999, 1784764, 1784768, 1784769, 1784778, 1786738, 1786824, 1786828,
1786834, 1786838, 1786839, 1786844, 1786848, 1786849, 1786851, 1786852, 1786854, 1786855,
1786858, 1786862, 1786864, 1786867, 1786868, 1786872, 1786874, 1786878, 1786879, 1786880,
1786886, 1786888, 1789910, 1820290, 1820291, 1820292, 1820293, 1820294, 1820295, 1820296,
1820297, 1820298, 1820299, 1820918, 1820920, 1820921, 1820922, 1820923, 1820924, 1820925,
1820926, 1820927, 1820928, 1820929, 1822017, 1822018, 1822019, 1822048, 1822050, 1822051,
1822052, 1822053, 1822054, 1822055, 1822056, 1822057, 1822058, 1822059, 1822068, 1822080,
1822081, 1822082, 1822083, 1822084, 1822085, 1822086, 1822087, 1822900, 1822901, 1822902,
1822903, 1822904, 1822905, 1822906, 1822907, 1822908, 1822909, 1824088, 1824089, 1829140,
1829141, 1829142, 1829143, 1829144, 1829145, 1829146, 1829147, 1829148, 1829149, 1829180,
1829181, 1829182, 1829183, 1829184, 1829185, 1829186, 1829187, 1829188, 1829189, 1829190,
1829191, 1829192, 1829193, 1829194, 1829195, 1829196, 1829197, 1829198, 1829199, 1829200,
1829201, 1829202, 1829203, 1829204, 1829205, 1829206, 1829207, 1829208, 1829209, 1829216,
1829217, 1829218, 1829241, 1829244, 1829245, 1829246, 1829248, 1829249, 1829256, 1829257,
1829267, 1829268, 1829280, 1829281, 1829282, 1829283, 1829284, 1829285, 1829286, 1829287,
1829288, 1829289, 1830290, 1830291, 1830292, 1830293, 1830294, 1830295, 1830296, 1830297,
1830298, 1830299, 1830918, 1830920, 1830921, 1830922, 1830923, 1830924, 1830925, 1830926,
1830927, 1830928, 1830929, 1832968, 1832996, 1839144, 1839145, 1839148, 1839185, 1839186,
1839200, 1839201, 1839202, 1839203, 1839204, 1839205, 1839206, 1839207, 1839208, 1839209,
1839210, 1839211, 1839212, 1839213, 1839214, 1839215, 1839216, 1839217, 1839218, 1839219,
1839235, 1839236, 1839237, 1839238, 1839239, 1839240, 1839241, 1839242, 1839243, 1839244,
1839245, 1839246, 1839247, 1839248, 1839249, 1839250, 1839251, 1839252, 1839253, 1839254,
1839255, 1839256, 1839257, 1839258, 1839259, 1839260, 1839261, 1839262, 1839263, 1839264,
1839265, 1839266, 1839267, 1839268, 1839269, 1839285, 1839286, 1839287, 1839288, 1839289,
1839295, 1839296, 1839297, 1839298, 1839299, 1840006, 1840047, 1840057, 1840290, 1840291,
1840292, 1840293, 1840294, 1840295, 1840918, 1841780, 1841781, 1841782, 1841783, 1841784,
1841785, 1841786, 1841787, 1841788, 1841789, 1841790, 1841791, 1841792, 1841793, 1841794,
1841795, 1841796, 1841797, 1841798, 1841799, 1842900, 1842901, 1842904, 1842908, 1842909,
1842918, 1842922, 1842924, 1842928, 1842930, 1842931, 1842932, 1842933, 1842934, 1842935,
1842936, 1842937, 1842938, 1842939, 1842940, 1842941, 1842942, 1842943, 1842944, 1842945,
1842946, 1842947, 1842948, 1842949, 1842950, 1842951, 1842952, 1842953, 1842954, 1842955,
1842956, 1842957, 1842958, 1842959, 1842960, 1842961, 1842962, 1842963, 1842964, 1842965,
1842966, 1842967, 1842968, 1842969, 1842970, 1842971, 1842972, 1842973, 1842974, 1842975,
1842976, 1842977, 1842978, 1842979, 1842980, 1842981, 1842982, 1842983, 1842984, 1842985,
1842986, 1842987, 1842988, 1842989, 1842990, 1842991, 1842992, 1842993, 1842994, 1842995,
1842996, 1842997, 1842998, 1842999, 1849111, 1849112, 1849113, 1849114, 1849115, 1849116,
1849117, 1849118, 1849590, 1849591, 1849592, 1849593, 1849594, 1849595, 1849596, 1849597,
1849598, 1849599, 1870000, 1870018, 1870019, 1870040, 1870041, 1870042, 1870043, 1870044,
1870045, 1870046, 1870047, 1870048, 1870049, 1870058, 1870059, 1870078, 1870079, 1870080,
1870081, 1870082, 1870083, 1870084, 1870085, 1870086, 1870087, 1870088, 1870089, 1870090,
1870091, 1870092, 1870093, 1870094, 1870095, 1870096, 1870097, 1870098, 1870099, 1870290,
1870291, 1870292, 1870293, 1870294, 1870295, 1870296, 1870297, 1870298, 1870299, 1870670,
1870671, 1870672, 1870673, 1870674, 1870675, 1870676, 1870677, 1870678, 1870679, 1870680,
1870681, 1870682, 1870683, 1870684, 1870685, 1870686, 1870687, 1870688, 1870689, 1870918,
1870920, 1870921, 1870922, 1870923, 1870924, 1870925, 1870926, 1870927, 1870928, 1870929,
1871030, 1871031, 1871032, 1871033, 1871034, 1871035, 1871036, 1871037, 1871038, 1871039,
1871040, 1871041, 1871042, 1871043, 1871044, 1871045, 1871046, 1871047, 1871048, 1871049,
1871050, 1871051, 1871054, 1871055, 1871056, 1871057, 1871060, 1871061, 1871062, 1871064,
1871068, 1871070, 1871071, 1871072, 1871073, 1871074, 1871075, 1871076, 1871077, 1871078,
1871079, 1871080, 1871081, 1871082, 1871083, 1871084, 1871085, 1871086, 1871087, 1871088,
1871089, 1871090, 1871091, 1871092, 1871093, 1871094, 1871095, 1871096, 1871097, 1871098,
1871099, 1871730, 1871731, 1871732, 1871733, 1871734, 1871735, 1871736, 1871737, 1871738,
1871739, 1872900, 1872901, 1872902, 1872903, 1872904, 1872905, 1872906, 1872907, 1872908,
1872909, 1872918, 1872920, 1872921, 1872922, 1872923, 1872924, 1872925, 1872926, 1872927,
1872928, 1872929, 1872930, 1872931, 1872932, 1872933, 1872934, 1872935, 1872936, 1872937,
1872938, 1872939, 1872948, 1872950, 1872951, 1872952, 1872953, 1872954, 1872955, 1872956,
1872957, 1872958, 1872959, 1872986, 1872987, 1872990, 1872996, 1872997, 1872998, 1874035,
1874039, 1874040, 1874041, 1874042, 1874043, 1874044, 1874045, 1874046, 1874047, 1874048,
1874049, 1874064, 1878940, 1878941, 1878942, 1878943, 1878944, 1878945, 1878946, 1878947,
1878948, 1878949, 1879148, 1879198, 1879240, 1879241, 1879242, 1879243, 1879244, 1879245,
1879246, 1879247, 1879248, 1879249, 1879250, 1879251, 1879252, 1879253, 1879254, 1879255,
1879256, 1879257, 1879258, 1879259, 1879260, 1879261, 1879262, 1879263, 1879264, 1879265,
1879266, 1879267, 1879268, 1879269, 1879270, 1879271, 1879272, 1879273, 1879274, 1879275,
1879276, 1879277, 1879278, 1879279, 1879280, 1879281, 1879282, 1879283, 1879284, 1879285,
1879286, 1879287, 1879288, 1879289, 1879290, 1879291, 1879292, 1879293, 1879294, 1879295,
1879296, 1879297, 1879298, 1879299, 1880290, 1880291, 1880292, 1880293, 1880294, 1880295,
1880296, 1880297, 1880298, 1880299, 1880918, 1880920, 1880921, 1880922, 1880923, 1880924,
1880925, 1880926, 1880927, 1880928, 1880929, 1882160, 1882161, 1882162, 1882163, 1882164,
1882165, 1882166, 1882167, 1882168, 1882169, 1882170, 1882171, 1882172, 1882173, 1882174,
1882175, 1882176, 1882177, 1882178, 1882179, 1882900, 1882901, 1882902, 1882903, 1882904,
1882905, 1882906, 1882907, 1882908, 1882909, 1882918, 1882920, 1882921, 1882922, 1882923,
1882924, 1882925, 1882926, 1882927, 1882928, 1882929, 1882934, 1882935, 1882944, 1882948,
1882949, 1882950, 1882951, 1882952, 1882953, 1882954, 1882955, 1882956, 1882957, 1882958,
1882959, 1882964, 1882978, 1882984, 1882988, 1882989, 1884024, 1884028, 1884029, 1884031,
1884034, 1884036, 1884038, 1884039, 1884045, 1884046, 1884048, 1889144, 1889148, 1889190,
1889191, 1889192, 1889193, 1889194, 1889195, 1889196, 1889197, 1889198, 1889199, 1889200,
1889201, 1889202, 1889203, 1889204, 1889205, 1889206, 1889207, 1889208, 1889209, 1950290,
1950291, 1950292, 1950293, 1950294, 1950295, 1950296, 1950297, 1950298, 1950299, 1950918,
1952243, 1952244, 1952245, 1952246, 1952247, 1952248, 1952249, 1952250, 1952251, 1952252,
1952253, 1952254, 1952255, 1952256, 1952319, 1952444, 1952603, 1952605, 1952606, 1952607,
1952848, 1952880, 1952881, 1952882, 1952883, 1952913, 1952914, 1953029, 1953708, 1953718,
1953728, 1953738, 1953846, 1953847, 1953848, 1953901, 1954670, 1954671, 1954672, 1954673,
1954674, 1954675, 1954676, 1954677, 1954678, 1954679, 1956650, 1956652, 1956658, 1959110,
1959118, 1959120, 1959128, 1959131, 1959138, 1959140, 1959149, 1959150, 1959151, 1959152,
1959153, 1959154, 1959155, 1959156, 1959157, 1959158, 1959159, 1959160, 1971029, 1972029,
1972091, 1972180, 1972181, 1972182, 1972183, 1972185, 1972186, 1972188, 1972191, 1972192,
1972193, 1972195, 1972196, 1972197, 1972198, 1972199, 1972437, 1972438, 1972439, 1972448,
1972454, 1972455, 1972557, 1973376, 1980290, 1980292, 1980294, 1980298, 1980299, 1980918,
1981519, 1981521, 1982900, 1982908, 1982914, 1982918, 1982919, 1982921, 1982924, 1982925,
1982926, 1982931, 1982934, 1982936, 1982938, 1982939, 1982942, 1982944, 1982947, 1982948,
1982949, 1982960, 1982961, 1982962, 1982963, 1982964, 1982965, 1982966, 1982967, 1982968,
1982969, 1982970, 1982971, 1982972, 1982973, 1982974, 1982975, 1982976, 1982977, 1982978,
1982979, 1982980, 1982981, 1982982, 1982983, 1982984, 1982985, 1982986, 1982987, 1982988,
1982989, 1988890, 1988892, 1989080, 1989088, 1989090, 1989094, 1989098, 1989100, 1989101,
1989102, 1989103, 1989104, 1989105, 1989106, 1989107, 1989109, 1989127, 1989141, 1989142,
1989143, 1989145, 1989450, 1989451, 1989452, 1989453, 1989454, 1989455, 1989456, 1989457,
1989458, 1989459, 1989490, 1989492, 1989494, 1989495, 1989498, 1989499, 1989870, 1989871,
1989874, 1989877
